🚀 Starting Crypto Insight Bot…
   Universe: 20 coins
   Auto-scan: every 3 min
   TFs (quick): ['15m', '1h', '4h', '12h']
   TFs (full):  ['1m', '3m', '5m', '15m', '30m', '1h', '2h', '4h', '6h', '8h', '12h']

📊 Phân tích từng khung thời gian...

  [ 15m]   strong_down    | up=33.2%  dn=62.4%  nu= 4.3%
  [  1h] moderate_down    | up=29.4%  dn=56.2%  nu=14.4%
  [  4h]   strong_up      | up=69.7%  dn=24.0%  nu= 6.3%
  [ 12h]   strong_up      | up=84.6%  dn= 0.0%  nu=15.4%

📊 Phân tích từng khung thời gian...

  [ 15m]   strong_down    | up= 7.2%  dn=78.2%  nu=14.6%
  [  1h] moderate_up      | up=48.8%  dn=11.6%  nu=39.5%
  [  4h] moderate_down    | up=47.6%  dn=52.4%  nu= 0.0%
  [ 12h] moderate_down    | up=29.3%  dn=55.0%  nu=15.7%

📊 Phân tích từng khung thời gian...

  [ 15m] moderate_up      | up=50.9%  dn=43.0%  nu= 6.1%
  [  1h]   strong_up      | up=84.1%  dn= 0.0%  nu=15.9%
  [  4h] moderate_up      | up=55.9%  dn=37.1%  nu= 7.0%
  [ 12h]   strong_up      | up=84.4%  dn= 0.0%  nu=15.6%

📊 Phân tích từng khung thời gian...

  [  1h] moderate_down    | up=29.4%  dn=56.2%  nu=14.4%

📊 Phân tích từng khung thời gian...

  [ 15m] moderate_up      | up=49.2%  dn=25.3%  nu=25.5%
  [  4h]   strong_up      | up=69.7%  dn=24.0%  nu= 6.3%
  [  1h]     weak_up      | up=42.9%  dn=17.2%  nu=39.9%
  [  4h] moderate_up      | up=47.4%  dn=45.9%  nu= 6.8%
  [ 12h] moderate_up      | up=48.3%  dn=34.5%  nu=17.2%

📊 Phân tích từng khung thời gian...

  [  1h] moderate_up      | up=48.8%  dn=11.6%  nu=39.5%
  [  4h] moderate_down    | up=47.6%  dn=52.4%  nu= 0.0%

📊 Phân tích từng khung thời gian...

  [ 15m]   strong_up      | up=88.5%  dn= 5.0%  nu= 6.5%
  [  1h]   strong_up      | up=84.0%  dn= 9.9%  nu= 6.2%
  [  4h]   strong_up      | up=69.3%  dn=16.1%  nu=14.5%
  [ 12h] moderate_up      | up=46.9%  dn=38.4%  nu=14.7%

📊 Phân tích từng khung thời gian...

  [  1h]   strong_up      | up=84.1%  dn= 0.0%  nu=15.9%
  [  4h] moderate_up      | up=55.9%  dn=37.1%  nu= 7.0%

📊 Phân tích từng khung thời gian...


📊 Phân tích từng khung thời gian...

  [ 15m] moderate_down    | up=34.2%  dn=49.8%  nu=16.0%
  [  1h]     weak_up      | up=42.9%  dn=17.2%  nu=39.9%
  [  1h]   strong_up      | up=61.4%  dn=26.4%  nu=12.2%
  [  4h] moderate_up      | up=47.4%  dn=45.9%  nu= 6.8%
  [  4h]   strong_up      | up=84.1%  dn= 9.8%  nu= 6.1%
  [ 12h] moderate_up      | up=46.8%  dn=10.9%  nu=42.2%

📊 Phân tích từng khung thời gian...

  [  1h]   strong_up      | up=84.0%  dn= 9.9%  nu= 6.2%
  [  4h]   strong_up      | up=69.3%  dn=16.1%  nu=14.5%

📊 Phân tích từng khung thời gian...

  [ 15m]   strong_up      | up=67.5%  dn= 7.7%  nu=24.8%
  [  1h]   strong_up      | up=90.9%  dn= 9.1%  nu= 0.0%
  [  4h]     weak_up      | up=37.7%  dn=37.4%  nu=24.9%
  [ 12h]   strong_down    | up=27.9%  dn=66.0%  nu= 6.1%

📊 Phân tích từng khung thời gian...

  [  1h]   strong_up      | up=61.4%  dn=26.4%  nu=12.2%
  [  4h]   strong_up      | up=84.1%  dn= 9.8%  nu= 6.1%

📊 Phân tích từng khung thời gian...


📊 Phân tích từng khung thời gian...

  [  1h]   strong_up      | up=90.9%  dn= 9.1%  nu= 0.0%
  [ 15m]     weak_down    | up=33.0%  dn=37.7%  nu=29.3%
  [  1h]   strong_up      | up=76.2%  dn= 9.6%  nu=14.2%
  [  4h]     weak_up      | up=37.7%  dn=37.4%  nu=24.9%
  [  4h]   strong_up      | up=60.6%  dn=32.8%  nu= 6.6%
  [ 12h]   strong_down    | up= 0.0%  dn=72.2%  nu=27.8%

📊 Phân tích từng khung thời gian...

  [  1h]   strong_up      | up=76.2%  dn= 9.6%  nu=14.2%
  [  4h]   strong_up      | up=60.6%  dn=32.8%  nu= 6.6%

📊 Phân tích từng khung thời gian...

  [ 15m] moderate_up      | up=51.0%  dn=44.2%  nu= 4.7%
  [  1h]     weak_down    | up=35.2%  dn=38.1%  nu=26.7%

📊 Phân tích từng khung thời gian...

  [  4h]   strong_down    | up=11.3%  dn=83.0%  nu= 5.7%
  [  1h]     weak_down    | up=35.2%  dn=38.1%  nu=26.7%
  [ 12h]   strong_down    | up= 0.0%  dn=86.0%  nu=14.0%
  [  4h]   strong_down    | up=11.3%  dn=83.0%  nu= 5.7%

📊 Phân tích từng khung thời gian...

  [  1h]   strong_up      | up=63.5%  dn=13.3%  nu=23.3%
  [  4h] moderate_up      | up=59.7%  dn=27.8%  nu=12.5%

📊 Phân tích từng khung thời gian...

  [ 15m]   strong_up      | up=62.5%  dn=20.3%  nu=17.2%
  [  1h]   strong_up      | up=63.5%  dn=13.3%  nu=23.3%
  [  4h] moderate_up      | up=59.7%  dn=27.8%  nu=12.5%
  [ 12h] moderate_up      | up=48.2%  dn=38.5%  nu=13.4%
      ✗ 15m: Không kéo được dữ liệu cho MATICUSDT 15m
      ✗ 1h: Không kéo được dữ liệu cho MATICUSDT 1h
      ✗ 4h: Không kéo được dữ liệu cho MATICUSDT 4h
      ✗ 12h: Không kéo được dữ liệu cho MATICUSDT 12h

📊 Phân tích từng khung thời gian...


📊 Phân tích từng khung thời gian...

  [ 15m]   strong_down    | up= 5.9%  dn=88.5%  nu= 5.6%
  [  1h] moderate_down    | up=26.7%  dn=50.0%  nu=23.3%
  [  4h]   strong_down    | up= 6.9%  dn=87.6%  nu= 5.5%
  [ 12h]   strong_down    | up=20.0%  dn=73.3%  nu= 6.7%

📊 Phân tích từng khung thời gian...

  [ 15m]   strong_up      | up=98.7%  dn= 0.0%  nu= 1.3%
  [  1h]   strong_up      | up=96.3%  dn= 3.7%  nu= 0.0%
  [  4h]   strong_up      | up=90.6%  dn= 9.4%  nu= 0.0%
  [ 12h]   strong_up      | up=80.8%  dn=11.0%  nu= 8.2%

📊 Phân tích từng khung thời gian...

  [ 15m]   strong_up      | up=60.2%  dn=10.5%  nu=29.4%
  [  1h]   strong_up      | up=95.8%  dn= 4.2%  nu= 0.0%
  [  4h]   strong_up      | up=86.1%  dn= 7.6%  nu= 6.3%
  [ 12h] moderate_up      | up=55.8%  dn=31.0%  nu=13.2%

📊 Phân tích từng khung thời gian...

  [ 15m] moderate_up      | up=52.2%  dn=41.9%  nu= 6.0%
  [  1h]   strong_up      | up=75.3%  dn=10.7%  nu=14.0%
  [  4h]   strong_up      | up=77.0%  dn=14.4%  nu= 8.6%
  [ 12h] moderate_down    | up=22.8%  dn=50.8%  nu=26.4%

📊 Phân tích từng khung thời gian...

  [ 15m]   strong_up      | up=63.8%  dn=36.2%  nu= 0.0%
  [  1h]   strong_up      | up=84.1%  dn= 9.8%  nu= 6.1%
  [  4h]   strong_up      | up=68.2%  dn= 7.3%  nu=24.5%
  [ 12h]   strong_up      | up=71.0%  dn=13.7%  nu=15.4%

📊 Phân tích từng khung thời gian...

  [ 15m]   strong_up      | up=89.6%  dn= 3.3%  nu= 7.1%
  [  1h]   strong_up      | up=71.8%  dn=14.1%  nu=14.1%
  [  4h] moderate_up      | up=53.9%  dn=39.5%  nu= 6.6%
  [ 12h] moderate_down    | up=35.9%  dn=51.4%  nu=12.7%

📊 Phân tích từng khung thời gian...

  [ 15m] moderate_up      | up=56.0%  dn=30.3%  nu=13.7%
  [  1h]     weak_down    | up=35.4%  dn=37.5%  nu=27.2%
  [  4h]   strong_down    | up=27.5%  dn=60.4%  nu=12.1%
  [ 12h]   strong_down    | up= 0.0%  dn=68.7%  nu=31.3%

📊 Phân tích từng khung thời gian...

  [ 15m]   strong_down    | up= 7.1%  dn=88.3%  nu= 4.5%
  [  1h] moderate_up      | up=53.4%  dn=38.3%  nu= 8.3%
  [  4h]   strong_up      | up=69.2%  dn=25.2%  nu= 5.6%
  [ 12h]   strong_up      | up=91.1%  dn= 4.5%  nu= 4.4%

📊 Phân tích từng khung thời gian...

  [ 15m] moderate_neutral | up=36.2%  dn=13.9%  nu=49.9%
  [  1h] moderate_down    | up=21.9%  dn=54.9%  nu=23.3%
  [  4h]   strong_down    | up=20.3%  dn=79.7%  nu= 0.0%
  [ 12h] moderate_up      | up=48.2%  dn=46.9%  nu= 4.8%

📊 Phân tích từng khung thời gian...

  [ 15m] moderate_down    | up=38.9%  dn=47.6%  nu=13.5%
  [  1h] moderate_up      | up=56.6%  dn=27.1%  nu=16.3%
  [  4h]   strong_up      | up=69.7%  dn=24.0%  nu= 6.3%
  [ 12h]   strong_up      | up=84.6%  dn= 0.0%  nu=15.4%

📊 Phân tích từng khung thời gian...

  [ 15m]   strong_down    | up= 7.2%  dn=78.2%  nu=14.6%
  [  1h] moderate_up      | up=48.9%  dn=11.6%  nu=39.5%
  [  4h] moderate_down    | up=47.6%  dn=52.4%  nu= 0.0%
  [ 12h] moderate_down    | up=29.4%  dn=55.0%  nu=15.7%

📊 Phân tích từng khung thời gian...

  [ 15m] moderate_up      | up=50.9%  dn=43.0%  nu= 6.1%
  [  1h]   strong_up      | up=85.9%  dn= 0.0%  nu=14.1%
  [  4h] moderate_up      | up=55.9%  dn=37.1%  nu= 7.0%
  [ 12h]   strong_up      | up=84.4%  dn= 0.0%  nu=15.6%

📊 Phân tích từng khung thời gian...

  [ 15m] moderate_up      | up=49.2%  dn=25.3%  nu=25.5%
  [  1h] moderate_up      | up=59.4%  dn=15.4%  nu=25.2%
  [  4h] moderate_up      | up=47.4%  dn=45.9%  nu= 6.8%
  [ 12h] moderate_up      | up=48.3%  dn=34.5%  nu=17.2%

📊 Phân tích từng khung thời gian...

  [ 15m]   strong_up      | up=88.5%  dn= 5.0%  nu= 6.5%
  [  1h]   strong_up      | up=84.0%  dn= 9.9%  nu= 6.2%
  [  4h]   strong_up      | up=69.3%  dn=16.1%  nu=14.5%
  [ 12h] moderate_up      | up=46.9%  dn=38.4%  nu=14.7%

📊 Phân tích từng khung thời gian...

  [ 15m]   strong_up      | up=62.8%  dn=13.5%  nu=23.6%
  [  1h]   strong_up      | up=79.8%  dn= 6.7%  nu=13.5%
  [  4h]   strong_up      | up=84.1%  dn= 9.8%  nu= 6.1%
  [ 12h] moderate_up      | up=46.8%  dn=10.9%  nu=42.2%

📊 Phân tích từng khung thời gian...

  [ 15m]   strong_up      | up=67.5%  dn= 7.7%  nu=24.8%
  [  1h]   strong_up      | up=90.9%  dn= 9.1%  nu= 0.0%
  [  4h]     weak_up      | up=37.7%  dn=37.4%  nu=24.9%
  [ 12h]   strong_down    | up=27.9%  dn=66.0%  nu= 6.1%

📊 Phân tích từng khung thời gian...

  [ 15m]   strong_up      | up=60.6%  dn=14.3%  nu=25.1%
  [  1h]   strong_up      | up=76.2%  dn= 9.6%  nu=14.2%
  [  4h]   strong_up      | up=60.6%  dn=32.8%  nu= 6.6%
  [ 12h] moderate_down    | up=23.2%  dn=49.0%  nu=27.8%

📊 Phân tích từng khung thời gian...

  [ 15m] moderate_up      | up=51.0%  dn=44.2%  nu= 4.7%
  [  1h]   strong_up      | up=61.8%  dn=30.5%  nu= 7.6%
  [  4h]   strong_down    | up=12.2%  dn=74.1%  nu=13.7%
  [ 12h]   strong_down    | up= 0.0%  dn=86.0%  nu=14.0%

📊 Phân tích từng khung thời gian...

  [ 15m]   strong_up      | up=62.5%  dn=20.3%  nu=17.2%
  [  1h]   strong_up      | up=63.5%  dn=13.3%  nu=23.3%
  [  4h] moderate_up      | up=59.7%  dn=27.8%  nu=12.5%
  [ 12h] moderate_up      | up=48.2%  dn=38.5%  nu=13.4%
      ✗ 15m: Không kéo được dữ liệu cho MATICUSDT 15m
      ✗ 1h: Không kéo được dữ liệu cho MATICUSDT 1h
      ✗ 4h: Không kéo được dữ liệu cho MATICUSDT 4h
      ✗ 12h: Không kéo được dữ liệu cho MATICUSDT 12h

📊 Phân tích từng khung thời gian...


📊 Phân tích từng khung thời gian...

  [ 15m]   strong_down    | up= 5.9%  dn=88.5%  nu= 5.6%
  [  1h] moderate_down    | up=26.7%  dn=50.0%  nu=23.3%
  [  4h]   strong_down    | up= 6.9%  dn=87.6%  nu= 5.5%
  [ 12h]   strong_down    | up=20.0%  dn=73.3%  nu= 6.7%

📊 Phân tích từng khung thời gian...

  [ 15m]   strong_up      | up=98.7%  dn= 0.0%  nu= 1.3%
  [  1h]   strong_up      | up=96.3%  dn= 3.7%  nu= 0.0%
  [  4h]   strong_up      | up=90.6%  dn= 9.4%  nu= 0.0%
  [ 12h]   strong_up      | up=80.8%  dn=11.0%  nu= 8.2%

📊 Phân tích từng khung thời gian...

  [ 15m]   strong_up      | up=60.2%  dn=10.5%  nu=29.4%
  [  1h]   strong_up      | up=95.8%  dn= 4.2%  nu= 0.0%
  [  4h]   strong_up      | up=86.1%  dn= 7.6%  nu= 6.3%
  [ 12h] moderate_up      | up=55.8%  dn=31.0%  nu=13.2%

📊 Phân tích từng khung thời gian...

  [ 15m] moderate_up      | up=52.2%  dn=41.9%  nu= 6.0%
  [  1h]   strong_up      | up=75.3%  dn=10.7%  nu=14.0%
  [  4h]   strong_up      | up=77.0%  dn=14.4%  nu= 8.6%
  [ 12h] moderate_down    | up=22.8%  dn=50.8%  nu=26.4%

📊 Phân tích từng khung thời gian...

  [ 15m]   strong_up      | up=63.8%  dn=36.2%  nu= 0.0%
  [  1h]   strong_up      | up=84.1%  dn= 9.8%  nu= 6.1%
  [  4h]   strong_up      | up=68.2%  dn= 7.3%  nu=24.5%
  [ 12h]   strong_up      | up=71.0%  dn=13.7%  nu=15.4%

📊 Phân tích từng khung thời gian...

  [ 15m]   strong_up      | up=89.6%  dn= 3.3%  nu= 7.1%
  [  1h]   strong_up      | up=71.8%  dn=14.1%  nu=14.1%
  [  4h] moderate_up      | up=53.9%  dn=39.5%  nu= 6.6%
  [ 12h] moderate_down    | up=35.8%  dn=51.4%  nu=12.7%

📊 Phân tích từng khung thời gian...

  [ 15m]   strong_up      | up=60.8%  dn=27.1%  nu=12.2%
  [  1h]     weak_down    | up=35.4%  dn=37.5%  nu=27.1%
  [  4h]   strong_down    | up=27.5%  dn=60.4%  nu=12.1%
  [ 12h]   strong_down    | up= 0.0%  dn=68.6%  nu=31.4%

📊 Phân tích từng khung thời gian...

  [ 15m]   strong_down    | up= 7.1%  dn=88.3%  nu= 4.5%
  [  1h] moderate_up      | up=53.4%  dn=38.3%  nu= 8.3%
  [  4h]   strong_up      | up=69.2%  dn=25.2%  nu= 5.6%
  [ 12h]   strong_up      | up=91.1%  dn= 4.5%  nu= 4.4%

📊 Phân tích từng khung thời gian...

  [ 15m] moderate_neutral | up=36.2%  dn=13.9%  nu=49.9%
  [  1h]     weak_down    | up=34.8%  dn=38.3%  nu=26.8%
  [  4h]   strong_down    | up=20.3%  dn=79.7%  nu= 0.0%
  [ 12h] moderate_up      | up=48.3%  dn=46.9%  nu= 4.8%

📊 Phân tích từng khung thời gian...

  [ 15m]   strong_down    | up=33.3%  dn=62.4%  nu= 4.3%
  [  1h] moderate_down    | up=37.4%  dn=48.2%  nu=14.4%
  [  4h]   strong_up      | up=69.7%  dn=24.0%  nu= 6.3%
  [ 12h]   strong_up      | up=84.6%  dn= 0.0%  nu=15.4%

📊 Phân tích từng khung thời gian...

  [ 15m]   strong_down    | up= 7.2%  dn=78.2%  nu=14.6%
  [  1h] moderate_up      | up=48.9%  dn=11.6%  nu=39.5%
  [  4h] moderate_down    | up=47.6%  dn=52.4%  nu= 0.0%
  [ 12h] moderate_down    | up=29.4%  dn=55.0%  nu=15.7%

📊 Phân tích từng khung thời gian...

  [ 15m] moderate_up      | up=50.9%  dn=43.0%  nu= 6.1%
  [  1h]   strong_up      | up=85.9%  dn= 0.0%  nu=14.1%
  [  4h] moderate_up      | up=55.9%  dn=37.1%  nu= 7.0%
  [ 12h]   strong_up      | up=84.4%  dn= 0.0%  nu=15.6%

📊 Phân tích từng khung thời gian...

  [ 15m] moderate_up      | up=49.2%  dn=25.3%  nu=25.5%
  [  1h] moderate_up      | up=59.4%  dn=15.4%  nu=25.2%
  [  4h] moderate_up      | up=47.4%  dn=45.9%  nu= 6.8%
  [ 12h] moderate_up      | up=48.3%  dn=34.5%  nu=17.2%

📊 Phân tích từng khung thời gian...

  [ 15m]   strong_up      | up=88.5%  dn= 5.0%  nu= 6.5%
  [  1h]   strong_up      | up=84.0%  dn= 9.9%  nu= 6.2%
  [  4h]   strong_up      | up=65.6%  dn=17.2%  nu=17.2%
  [ 12h] moderate_up      | up=46.9%  dn=38.4%  nu=14.7%

📊 Phân tích từng khung thời gian...

  [ 15m]   strong_up      | up=62.8%  dn=13.5%  nu=23.6%
  [  1h]   strong_up      | up=79.8%  dn= 6.7%  nu=13.5%
  [  4h]   strong_up      | up=84.1%  dn= 9.8%  nu= 6.1%
  [ 12h] moderate_up      | up=46.8%  dn=10.9%  nu=42.2%

📊 Phân tích từng khung thời gian...

  [ 15m]   strong_up      | up=67.5%  dn= 7.7%  nu=24.8%
  [  1h]   strong_up      | up=90.9%  dn= 9.1%  nu= 0.0%
  [  4h]     weak_up      | up=37.7%  dn=37.4%  nu=24.9%
  [ 12h]   strong_down    | up=27.9%  dn=66.0%  nu= 6.1%

📊 Phân tích từng khung thời gian...

  [ 15m]   strong_up      | up=60.6%  dn=14.3%  nu=25.1%
  [  1h]   strong_up      | up=76.2%  dn= 9.6%  nu=14.2%
  [  4h]   strong_up      | up=60.6%  dn=32.8%  nu= 6.6%
  [ 12h] moderate_down    | up=23.2%  dn=49.0%  nu=27.8%

📊 Phân tích từng khung thời gian...

  [ 15m] moderate_up      | up=51.0%  dn=44.2%  nu= 4.7%
  [  1h] moderate_up      | up=50.4%  dn=33.1%  nu=16.5%
  [  4h]   strong_down    | up=13.2%  dn=72.0%  nu=14.8%
  [ 12h]   strong_down    | up= 0.0%  dn=86.0%  nu=14.0%

📊 Phân tích từng khung thời gian...

  [ 15m]   strong_up      | up=65.9%  dn=19.5%  nu=14.6%
  [  1h]   strong_up      | up=84.0%  dn=10.6%  nu= 5.3%
  [  4h]   strong_up      | up=66.6%  dn=20.9%  nu=12.5%
  [ 12h] moderate_up      | up=48.2%  dn=38.5%  nu=13.4%
      ✗ 15m: Không kéo được dữ liệu cho MATICUSDT 15m
      ✗ 1h: Không kéo được dữ liệu cho MATICUSDT 1h
      ✗ 4h: Không kéo được dữ liệu cho MATICUSDT 4h
      ✗ 12h: Không kéo được dữ liệu cho MATICUSDT 12h

📊 Phân tích từng khung thời gian...


📊 Phân tích từng khung thời gian...

  [ 15m]   strong_down    | up= 5.9%  dn=88.5%  nu= 5.6%
  [  1h]     weak_down    | up=35.0%  dn=41.7%  nu=23.3%
  [  4h]   strong_down    | up= 6.9%  dn=87.6%  nu= 5.5%
  [ 12h]   strong_down    | up=20.0%  dn=73.3%  nu= 6.7%

📊 Phân tích từng khung thời gian...

  [ 15m]   strong_up      | up=98.6%  dn= 0.0%  nu= 1.4%
  [  1h]   strong_up      | up=96.1%  dn= 3.9%  nu= 0.0%
  [  4h]   strong_up      | up=90.6%  dn= 9.4%  nu= 0.0%
  [ 12h]   strong_up      | up=80.8%  dn=10.9%  nu= 8.2%

📊 Phân tích từng khung thời gian...

  [ 15m]   strong_up      | up=70.6%  dn= 0.0%  nu=29.4%
  [  1h]   strong_up      | up=95.8%  dn= 4.2%  nu= 0.0%
  [  4h]   strong_up      | up=86.1%  dn= 7.6%  nu= 6.3%
  [ 12h] moderate_up      | up=55.8%  dn=31.0%  nu=13.2%

📊 Phân tích từng khung thời gian...

  [ 15m] moderate_up      | up=52.2%  dn=41.9%  nu= 6.0%
  [  1h]   strong_up      | up=75.3%  dn=10.7%  nu=14.0%
  [  4h]   strong_up      | up=77.0%  dn=14.4%  nu= 8.6%
  [ 12h] moderate_down    | up=22.9%  dn=50.7%  nu=26.4%

📊 Phân tích từng khung thời gian...

  [ 15m]   strong_up      | up=60.3%  dn=38.4%  nu= 1.3%
  [  1h]   strong_up      | up=84.1%  dn= 9.8%  nu= 6.1%
  [  4h]   strong_up      | up=68.2%  dn= 7.3%  nu=24.5%
  [ 12h]   strong_up      | up=71.0%  dn=13.6%  nu=15.4%

📊 Phân tích từng khung thời gian...

  [ 15m]   strong_up      | up=89.6%  dn= 3.3%  nu= 7.1%
  [  1h]   strong_up      | up=71.8%  dn=14.1%  nu=14.1%
  [  4h] moderate_up      | up=53.9%  dn=39.5%  nu= 6.6%
  [ 12h] moderate_down    | up=35.9%  dn=51.4%  nu=12.7%

📊 Phân tích từng khung thời gian...

  [ 15m]   strong_up      | up=84.1%  dn= 0.0%  nu=15.9%
  [  1h]     weak_down    | up=35.4%  dn=37.5%  nu=27.1%
  [  4h] moderate_down    | up=36.1%  dn=51.8%  nu=12.1%
  [ 12h]   strong_down    | up= 0.0%  dn=68.6%  nu=31.4%

📊 Phân tích từng khung thời gian...

  [ 15m]   strong_down    | up= 7.1%  dn=88.4%  nu= 4.5%
  [  1h] moderate_up      | up=53.4%  dn=38.2%  nu= 8.3%
  [  4h]   strong_up      | up=69.2%  dn=25.2%  nu= 5.6%
  [ 12h]   strong_up      | up=91.1%  dn= 4.5%  nu= 4.4%

📊 Phân tích từng khung thời gian...

  [ 15m] moderate_neutral | up=36.2%  dn=13.9%  nu=49.9%
  [  1h]     weak_down    | up=34.8%  dn=38.3%  nu=26.8%
  [  4h]   strong_down    | up=20.3%  dn=79.7%  nu= 0.0%
  [ 12h] moderate_up      | up=48.3%  dn=46.9%  nu= 4.8%

📊 Phân tích từng khung thời gian...

  [ 15m] moderate_down    | up=16.6%  dn=58.5%  nu=24.9%
  [  1h]     weak_down    | up=31.9%  dn=43.7%  nu=24.4%
  [  4h]   strong_up      | up=76.0%  dn=17.7%  nu= 6.3%
  [ 12h]   strong_up      | up=84.6%  dn= 0.0%  nu=15.4%

📊 Phân tích từng khung thời gian...

  [ 15m]   strong_down    | up= 6.5%  dn=78.7%  nu=14.8%
  [  1h]   strong_up      | up=64.6%  dn=10.4%  nu=25.0%
  [  4h] moderate_down    | up=47.6%  dn=52.4%  nu= 0.0%
  [ 12h] moderate_down    | up=29.4%  dn=55.0%  nu=15.7%

📊 Phân tích từng khung thời gian...

  [ 15m]   strong_up      | up=60.6%  dn=26.3%  nu=13.1%
  [  1h]   strong_up      | up=83.3%  dn=10.1%  nu= 6.6%
  [  4h]   strong_up      | up=62.9%  dn=30.1%  nu= 7.0%
  [ 12h]   strong_up      | up=84.4%  dn= 0.0%  nu=15.6%

📊 Phân tích từng khung thời gian...

  [ 15m]   strong_up      | up=74.5%  dn= 0.0%  nu=25.5%
  [  1h]   strong_up      | up=74.0%  dn=12.3%  nu=13.7%
  [  4h] moderate_up      | up=47.4%  dn=45.9%  nu= 6.8%
  [ 12h] moderate_up      | up=48.3%  dn=34.5%  nu=17.2%

📊 Phân tích từng khung thời gian...

  [ 15m]   strong_up      | up=88.1%  dn= 5.4%  nu= 6.5%
  [  1h]   strong_up      | up=90.7%  dn= 9.3%  nu= 0.0%
  [  4h]   strong_up      | up=61.6%  dn=23.8%  nu=14.5%
  [ 12h] moderate_up      | up=46.9%  dn=38.4%  nu=14.7%

📊 Phân tích từng khung thời gian...

  [ 15m]   strong_up      | up=76.5%  dn= 0.0%  nu=23.5%
  [  1h]   strong_up      | up=88.3%  dn= 6.1%  nu= 5.6%
  [  4h]   strong_up      | up=84.1%  dn= 9.8%  nu= 6.1%
  [ 12h] moderate_up      | up=46.9%  dn=10.9%  nu=42.2%

📊 Phân tích từng khung thời gian...

  [ 15m]   strong_up      | up=78.0%  dn= 7.4%  nu=14.6%
  [  1h]   strong_up      | up=90.5%  dn= 9.5%  nu= 0.0%
  [  4h]     weak_up      | up=37.7%  dn=37.4%  nu=24.9%
  [ 12h] moderate_down    | up=32.9%  dn=50.9%  nu=16.2%

📊 Phân tích từng khung thời gian...

  [ 15m]   strong_up      | up=60.7%  dn=14.3%  nu=25.0%
  [  1h]   strong_up      | up=85.3%  dn= 8.8%  nu= 5.9%
  [  4h] moderate_up      | up=55.2%  dn=36.1%  nu= 8.7%
  [ 12h] moderate_down    | up=23.2%  dn=49.0%  nu=27.8%

📊 Phân tích từng khung thời gian...

  [  1m]   strong_up      | up=78.4%  dn= 6.9%  nu=14.7%
  [  3m]     weak_up      | up=42.3%  dn=34.0%  nu=23.7%
  [  5m]   strong_up      | up=64.4%  dn=22.8%  nu=12.8%
  [ 15m]   strong_up      | up=98.6%  dn= 0.0%  nu= 1.4%
  [ 30m]   strong_up      | up=90.4%  dn= 9.6%  nu= 0.0%
  [  1h]   strong_up      | up=96.1%  dn= 3.9%  nu= 0.0%
  [  2h]   strong_up      | up=90.0%  dn=10.0%  nu= 0.0%
  [  4h]   strong_up      | up=90.0%  dn=10.0%  nu= 0.0%
  [  6h]   strong_up      | up=84.7%  dn= 6.6%  nu= 8.7%
  [  8h]   strong_up      | up=87.7%  dn= 8.2%  nu= 4.1%
  [ 12h]   strong_up      | up=80.8%  dn=10.9%  nu= 8.2%

📊 Phân tích từng khung thời gian...

  [ 15m]     weak_down    | up=36.5%  dn=38.1%  nu=25.4%
  [  1h]   strong_up      | up=63.5%  dn=29.2%  nu= 7.3%
  [  4h]   strong_down    | up=12.2%  dn=74.1%  nu=13.7%
  [ 12h]   strong_down    | up= 0.0%  dn=86.0%  nu=14.0%

📊 Phân tích từng khung thời gian...

  [ 15m]   strong_up      | up=75.7%  dn= 0.0%  nu=24.3%
  [  1h]   strong_up      | up=84.1%  dn=10.6%  nu= 5.3%
  [  4h]   strong_up      | up=66.6%  dn=20.9%  nu=12.5%
  [ 12h] moderate_up      | up=48.2%  dn=38.4%  nu=13.4%
      ✗ 15m: Không kéo được dữ liệu cho MATICUSDT 15m
      ✗ 1h: Không kéo được dữ liệu cho MATICUSDT 1h
      ✗ 4h: Không kéo được dữ liệu cho MATICUSDT 4h
      ✗ 12h: Không kéo được dữ liệu cho MATICUSDT 12h

📊 Phân tích từng khung thời gian...


📊 Phân tích từng khung thời gian...

  [ 15m]   strong_down    | up= 7.2%  dn=78.2%  nu=14.6%
  [  1h] moderate_down    | up=39.9%  dn=46.2%  nu=13.9%
  [  4h]   strong_down    | up= 6.9%  dn=87.6%  nu= 5.5%
  [ 12h]   strong_down    | up=20.0%  dn=73.3%  nu= 6.7%

📊 Phân tích từng khung thời gian...

  [ 15m]   strong_up      | up=98.6%  dn= 0.0%  nu= 1.4%
  [  1h]   strong_up      | up=96.1%  dn= 3.9%  nu= 0.0%
  [  4h]   strong_up      | up=90.0%  dn=10.0%  nu= 0.0%
  [ 12h]   strong_up      | up=80.8%  dn=10.9%  nu= 8.2%

📊 Phân tích từng khung thời gian...

  [ 15m]   strong_up      | up=75.0%  dn= 0.0%  nu=25.0%
  [  1h]   strong_up      | up=95.8%  dn= 4.2%  nu= 0.0%
  [  4h]   strong_up      | up=86.1%  dn= 7.6%  nu= 6.3%
  [ 12h] moderate_up      | up=55.8%  dn=31.0%  nu=13.2%

📊 Phân tích từng khung thời gian...

  [ 15m]     weak_down    | up=43.0%  dn=43.1%  nu=13.8%
  [  1h]   strong_up      | up=75.6%  dn=10.4%  nu=14.0%
  [  4h]   strong_up      | up=77.0%  dn=14.4%  nu= 8.6%
  [ 12h] moderate_up      | up=45.6%  dn=23.6%  nu=30.7%

📊 Phân tích từng khung thời gian...

  [ 15m]   strong_up      | up=65.0%  dn=20.7%  nu=14.3%
  [  1h]   strong_up      | up=90.8%  dn= 9.2%  nu= 0.0%
  [  4h]   strong_up      | up=78.8%  dn= 6.7%  nu=14.5%
  [ 12h]   strong_up      | up=71.0%  dn=13.6%  nu=15.4%

📊 Phân tích từng khung thời gian...

  [ 15m]   strong_up      | up=89.4%  dn= 3.6%  nu= 7.1%
  [  1h]   strong_up      | up=83.5%  dn=12.0%  nu= 4.5%
  [  4h]   strong_up      | up=60.5%  dn=32.9%  nu= 6.6%
  [ 12h] moderate_down    | up=35.9%  dn=51.4%  nu=12.7%

📊 Phân tích từng khung thời gian...

  [ 15m]   strong_up      | up=93.2%  dn= 0.0%  nu= 6.8%
  [  1h]   strong_up      | up=75.2%  dn=12.6%  nu=12.2%
  [  4h]     weak_up      | up=44.8%  dn=43.1%  nu=12.1%
  [ 12h]   strong_down    | up= 0.0%  dn=68.6%  nu=31.4%

📊 Phân tích từng khung thời gian...

  [ 15m]   strong_down    | up= 7.0%  dn=88.5%  nu= 4.5%
  [  1h] moderate_up      | up=58.2%  dn=23.6%  nu=18.2%
  [  4h]   strong_up      | up=69.2%  dn=25.1%  nu= 5.6%
  [ 12h]   strong_up      | up=91.1%  dn= 4.5%  nu= 4.4%

📊 Phân tích từng khung thời gian...

  [ 15m] moderate_up      | up=53.7%  dn= 0.0%  nu=46.3%
  [  1h] moderate_up      | up=56.2%  dn=23.9%  nu=19.9%
  [  4h]   strong_down    | up=20.3%  dn=79.7%  nu= 0.0%
  [ 12h] moderate_up      | up=48.3%  dn=46.9%  nu= 4.8%

📊 Phân tích từng khung thời gian...

  [ 15m] moderate_down    | up=16.6%  dn=58.5%  nu=24.9%
  [  1h]     weak_down    | up=31.9%  dn=43.7%  nu=24.4%
  [  4h]   strong_up      | up=69.7%  dn=24.0%  nu= 6.3%
  [ 12h]   strong_up      | up=84.6%  dn= 0.0%  nu=15.4%

📊 Phân tích từng khung thời gian...

  [ 15m]   strong_down    | up= 6.5%  dn=78.7%  nu=14.8%
  [  1h] moderate_up      | up=48.9%  dn=11.6%  nu=39.5%
  [  4h] moderate_down    | up=47.6%  dn=52.4%  nu= 0.0%
  [ 12h] moderate_down    | up=29.4%  dn=55.0%  nu=15.7%

📊 Phân tích từng khung thời gian...

  [ 15m]   strong_up      | up=60.6%  dn=26.3%  nu=13.1%
  [  1h]   strong_up      | up=83.3%  dn=10.1%  nu= 6.6%
  [  4h]   strong_up      | up=62.9%  dn=30.1%  nu= 7.0%
  [ 12h]   strong_up      | up=84.4%  dn= 0.0%  nu=15.6%

📊 Phân tích từng khung thời gian...

  [ 15m] moderate_up      | up=51.8%  dn=25.8%  nu=22.4%
  [  1h]   strong_up      | up=74.0%  dn=12.3%  nu=13.7%
  [  4h] moderate_up      | up=47.4%  dn=45.9%  nu= 6.8%
  [ 12h] moderate_up      | up=48.3%  dn=34.5%  nu=17.2%

📊 Phân tích từng khung thời gian...

  [ 15m]   strong_up      | up=88.1%  dn= 5.4%  nu= 6.5%
  [  1h]   strong_up      | up=90.7%  dn= 9.3%  nu= 0.0%
  [  4h]   strong_up      | up=61.6%  dn=23.8%  nu=14.5%
  [ 12h] moderate_up      | up=46.9%  dn=38.4%  nu=14.7%

📊 Phân tích từng khung thời gian...

  [ 15m]   strong_up      | up=76.5%  dn= 0.0%  nu=23.5%
  [  1h]   strong_up      | up=88.3%  dn= 6.1%  nu= 5.6%
  [  4h]   strong_up      | up=84.1%  dn= 9.8%  nu= 6.1%
  [ 12h] moderate_up      | up=46.8%  dn=10.9%  nu=42.2%

📊 Phân tích từng khung thời gian...

  [ 15m]   strong_up      | up=78.0%  dn= 7.4%  nu=14.6%
  [  1h]   strong_up      | up=90.5%  dn= 9.5%  nu= 0.0%
  [  4h]     weak_up      | up=37.7%  dn=37.4%  nu=24.9%
  [ 12h]   strong_down    | up=27.9%  dn=66.0%  nu= 6.1%

📊 Phân tích từng khung thời gian...

  [ 15m]   strong_up      | up=60.7%  dn=14.3%  nu=25.0%
  [  1h]   strong_up      | up=76.3%  dn= 9.5%  nu=14.2%
  [  4h]   strong_up      | up=60.6%  dn=32.8%  nu= 6.6%
  [ 12h] moderate_down    | up=23.2%  dn=49.0%  nu=27.8%

📊 Phân tích từng khung thời gian...

  [ 15m]     weak_down    | up=36.5%  dn=38.1%  nu=25.4%
  [  1h]   strong_up      | up=63.5%  dn=29.2%  nu= 7.3%
  [  4h]   strong_down    | up=12.2%  dn=74.1%  nu=13.7%
  [ 12h]   strong_down    | up= 0.0%  dn=86.0%  nu=14.0%

📊 Phân tích từng khung thời gian...

  [ 15m]   strong_up      | up=75.7%  dn= 0.0%  nu=24.3%
  [  1h]   strong_up      | up=84.1%  dn=10.6%  nu= 5.3%
  [  4h]   strong_up      | up=66.6%  dn=20.9%  nu=12.5%
  [ 12h] moderate_up      | up=48.2%  dn=38.4%  nu=13.4%
      ✗ 15m: Không kéo được dữ liệu cho MATICUSDT 15m
      ✗ 1h: Không kéo được dữ liệu cho MATICUSDT 1h
      ✗ 4h: Không kéo được dữ liệu cho MATICUSDT 4h
      ✗ 12h: Không kéo được dữ liệu cho MATICUSDT 12h

📊 Phân tích từng khung thời gian...


📊 Phân tích từng khung thời gian...

  [ 15m]   strong_down    | up= 7.2%  dn=78.2%  nu=14.6%
  [  1h] moderate_down    | up=39.9%  dn=46.2%  nu=13.9%
  [  4h]   strong_down    | up= 6.9%  dn=87.6%  nu= 5.5%
  [ 12h]   strong_down    | up=20.0%  dn=73.3%  nu= 6.7%

📊 Phân tích từng khung thời gian...

  [ 15m]   strong_up      | up=98.7%  dn= 0.0%  nu= 1.3%
  [  1h]   strong_up      | up=96.3%  dn= 3.7%  nu= 0.0%
  [  4h]   strong_up      | up=90.6%  dn= 9.4%  nu= 0.0%
  [ 12h]   strong_up      | up=80.8%  dn=11.0%  nu= 8.2%

📊 Phân tích từng khung thời gian...

  [ 15m]   strong_up      | up=75.0%  dn= 0.0%  nu=25.0%
  [  1h]   strong_up      | up=95.8%  dn= 4.2%  nu= 0.0%
  [  4h]   strong_up      | up=86.1%  dn= 7.6%  nu= 6.3%
  [ 12h] moderate_up      | up=55.8%  dn=31.0%  nu=13.2%

📊 Phân tích từng khung thời gian...

  [ 15m]     weak_down    | up=43.0%  dn=43.1%  nu=13.8%
  [  1h]   strong_up      | up=75.6%  dn=10.4%  nu=14.0%
  [  4h]   strong_up      | up=77.0%  dn=14.4%  nu= 8.6%
  [ 12h] moderate_up      | up=45.6%  dn=23.7%  nu=30.7%

📊 Phân tích từng khung thời gian...

  [ 15m] moderate_up      | up=45.7%  dn=26.1%  nu=28.1%
  [  1h]   strong_up      | up=90.8%  dn= 9.2%  nu= 0.0%
  [  4h]   strong_up      | up=68.2%  dn= 7.3%  nu=24.5%
  [ 12h]   strong_up      | up=71.0%  dn=13.6%  nu=15.4%

📊 Phân tích từng khung thời gian...

  [ 15m]   strong_up      | up=89.4%  dn= 3.6%  nu= 7.1%
  [  1h]   strong_up      | up=83.5%  dn=12.0%  nu= 4.5%
  [  4h]   strong_up      | up=60.6%  dn=32.9%  nu= 6.6%
  [ 12h] moderate_down    | up=35.9%  dn=51.4%  nu=12.7%

📊 Phân tích từng khung thời gian...

  [ 15m]   strong_up      | up=93.2%  dn= 0.0%  nu= 6.8%
  [  1h]   strong_up      | up=75.2%  dn=12.6%  nu=12.2%
  [  4h]     weak_up      | up=44.8%  dn=43.1%  nu=12.1%
  [ 12h]   strong_down    | up= 0.0%  dn=68.6%  nu=31.4%

📊 Phân tích từng khung thời gian...

  [ 15m]   strong_down    | up= 7.0%  dn=88.5%  nu= 4.5%
  [  1h] moderate_up      | up=58.2%  dn=23.6%  nu=18.2%
  [  4h]   strong_up      | up=84.9%  dn= 9.0%  nu= 6.1%
  [ 12h]   strong_up      | up=91.1%  dn= 4.5%  nu= 4.4%

📊 Phân tích từng khung thời gian...

  [ 15m] moderate_up      | up=53.7%  dn= 0.0%  nu=46.3%
  [  1h]   strong_up      | up=63.3%  dn=21.0%  nu=15.7%
  [  4h]   strong_down    | up=20.3%  dn=79.7%  nu= 0.0%
  [ 12h] moderate_up      | up=48.3%  dn=46.9%  nu= 4.8%

📊 Phân tích từng khung thời gian...

  [ 15m] moderate_down    | up=16.6%  dn=58.5%  nu=24.9%
  [  1h]     weak_down    | up=31.9%  dn=43.7%  nu=24.4%
  [  4h]   strong_up      | up=69.7%  dn=24.0%  nu= 6.3%
  [ 12h]   strong_up      | up=84.6%  dn= 0.0%  nu=15.4%

📊 Phân tích từng khung thời gian...

  [ 15m]   strong_down    | up= 6.5%  dn=78.7%  nu=14.8%
  [  1h] moderate_up      | up=48.9%  dn=11.6%  nu=39.5%
  [  4h] moderate_down    | up=47.6%  dn=52.4%  nu= 0.0%
  [ 12h] moderate_down    | up=29.4%  dn=55.0%  nu=15.7%

📊 Phân tích từng khung thời gian...

  [ 15m]   strong_up      | up=67.9%  dn=19.0%  nu=13.1%
  [  1h]   strong_up      | up=83.3%  dn=10.1%  nu= 6.6%
  [  4h]   strong_up      | up=62.9%  dn=30.1%  nu= 7.0%
  [ 12h]   strong_up      | up=84.4%  dn= 0.0%  nu=15.6%

📊 Phân tích từng khung thời gian...

  [ 15m]   strong_up      | up=74.5%  dn= 0.0%  nu=25.5%
  [  1h]   strong_up      | up=74.0%  dn=12.3%  nu=13.7%
  [  4h] moderate_up      | up=47.4%  dn=45.9%  nu= 6.8%
  [ 12h] moderate_up      | up=48.3%  dn=34.5%  nu=17.2%

📊 Phân tích từng khung thời gian...

  [ 15m]   strong_up      | up=88.1%  dn= 5.4%  nu= 6.5%
  [  1h]   strong_up      | up=90.7%  dn= 9.3%  nu= 0.0%
  [  4h]   strong_up      | up=61.6%  dn=23.8%  nu=14.5%
  [ 12h] moderate_up      | up=46.9%  dn=38.4%  nu=14.7%

📊 Phân tích từng khung thời gian...

  [ 15m]   strong_up      | up=76.5%  dn= 0.0%  nu=23.5%
  [  1h]   strong_up      | up=88.3%  dn= 6.1%  nu= 5.6%
  [  4h]   strong_up      | up=84.1%  dn= 9.8%  nu= 6.1%
  [ 12h] moderate_up      | up=46.9%  dn=10.9%  nu=42.2%

📊 Phân tích từng khung thời gian...

  [ 15m]   strong_up      | up=78.0%  dn= 7.4%  nu=14.6%
  [  1h]   strong_up      | up=90.5%  dn= 9.5%  nu= 0.0%
  [  4h]     weak_up      | up=37.7%  dn=37.4%  nu=24.9%
  [ 12h] moderate_down    | up=32.9%  dn=50.9%  nu=16.2%

📊 Phân tích từng khung thời gian...

  [ 15m]   strong_up      | up=60.7%  dn=14.3%  nu=25.0%
  [  1h]   strong_up      | up=86.3%  dn= 8.2%  nu= 5.5%
  [  4h]   strong_up      | up=60.6%  dn=32.8%  nu= 6.6%
  [ 12h] moderate_down    | up=23.2%  dn=49.0%  nu=27.8%

📊 Phân tích từng khung thời gian...

  [ 15m] moderate_up      | up=57.7%  dn=16.9%  nu=25.4%
  [  1h]   strong_up      | up=63.5%  dn=29.2%  nu= 7.3%
  [  4h]   strong_down    | up=12.2%  dn=74.1%  nu=13.7%
  [ 12h]   strong_down    | up= 0.0%  dn=86.0%  nu=14.0%

📊 Phân tích từng khung thời gian...

  [ 15m]   strong_up      | up=75.7%  dn= 0.0%  nu=24.3%
  [  1h]   strong_up      | up=84.1%  dn=10.6%  nu= 5.3%
  [  4h]   strong_up      | up=66.6%  dn=20.9%  nu=12.5%
  [ 12h] moderate_up      | up=48.2%  dn=38.5%  nu=13.4%
      ✗ 15m: Không kéo được dữ liệu cho MATICUSDT 15m
      ✗ 1h: Không kéo được dữ liệu cho MATICUSDT 1h
      ✗ 4h: Không kéo được dữ liệu cho MATICUSDT 4h
      ✗ 12h: Không kéo được dữ liệu cho MATICUSDT 12h

📊 Phân tích từng khung thời gian...


📊 Phân tích từng khung thời gian...

  [ 15m]   strong_down    | up= 7.2%  dn=78.2%  nu=14.6%
  [  1h] moderate_down    | up=39.9%  dn=46.2%  nu=13.9%
  [  4h]   strong_down    | up= 6.9%  dn=87.6%  nu= 5.5%
  [ 12h]   strong_down    | up=20.0%  dn=73.3%  nu= 6.7%

📊 Phân tích từng khung thời gian...

  [ 15m]   strong_up      | up=98.7%  dn= 0.0%  nu= 1.3%
  [  1h]   strong_up      | up=96.3%  dn= 3.7%  nu= 0.0%
  [  4h]   strong_up      | up=90.6%  dn= 9.4%  nu= 0.0%
  [ 12h]   strong_up      | up=82.1%  dn=10.3%  nu= 7.7%

📊 Phân tích từng khung thời gian...

  [ 15m]   strong_up      | up=75.0%  dn= 0.0%  nu=25.0%
  [  1h]   strong_up      | up=95.8%  dn= 4.2%  nu= 0.0%
  [  4h]   strong_up      | up=86.1%  dn= 7.6%  nu= 6.3%
  [ 12h] moderate_up      | up=55.8%  dn=31.0%  nu=13.2%

📊 Phân tích từng khung thời gian...

  [ 15m]     weak_down    | up=43.0%  dn=43.1%  nu=13.8%
  [  1h]   strong_up      | up=75.6%  dn=10.4%  nu=14.0%
  [  4h]   strong_up      | up=77.0%  dn=14.4%  nu= 8.6%
  [ 12h] moderate_up      | up=45.6%  dn=23.6%  nu=30.7%

📊 Phân tích từng khung thời gian...

  [ 15m] moderate_up      | up=45.7%  dn=26.1%  nu=28.1%
  [  1h]   strong_up      | up=90.8%  dn= 9.2%  nu= 0.0%
  [  4h]   strong_up      | up=68.2%  dn= 7.3%  nu=24.5%
  [ 12h]   strong_up      | up=71.0%  dn=13.7%  nu=15.4%

📊 Phân tích từng khung thời gian...

  [ 15m]   strong_up      | up=89.4%  dn= 3.6%  nu= 7.1%
  [  1h]   strong_up      | up=83.5%  dn=12.0%  nu= 4.5%
  [  4h]   strong_up      | up=60.5%  dn=32.9%  nu= 6.6%
  [ 12h] moderate_down    | up=35.9%  dn=51.4%  nu=12.7%

📊 Phân tích từng khung thời gian...

  [ 15m]   strong_up      | up=93.2%  dn= 0.0%  nu= 6.8%
  [  1h]   strong_up      | up=75.2%  dn=12.6%  nu=12.2%
  [  4h]     weak_up      | up=44.8%  dn=43.1%  nu=12.1%
  [ 12h]   strong_down    | up= 0.0%  dn=68.6%  nu=31.4%

📊 Phân tích từng khung thời gian...

  [ 15m]   strong_down    | up= 7.0%  dn=88.5%  nu= 4.5%
  [  1h] moderate_up      | up=58.2%  dn=23.6%  nu=18.2%
  [  4h]   strong_up      | up=84.9%  dn= 9.0%  nu= 6.1%
  [ 12h]   strong_up      | up=91.1%  dn= 4.5%  nu= 4.4%

📊 Phân tích từng khung thời gian...

  [ 15m] moderate_neutral | up=40.1%  dn=13.6%  nu=46.3%
  [  1h]   strong_up      | up=63.3%  dn=21.0%  nu=15.7%
  [  4h]   strong_down    | up=20.3%  dn=79.7%  nu= 0.0%
  [ 12h] moderate_up      | up=48.3%  dn=46.9%  nu= 4.8%

📊 Phân tích từng khung thời gian...

  [ 15m] moderate_down    | up=16.6%  dn=58.5%  nu=24.9%
  [  1h]     weak_down    | up=31.9%  dn=43.7%  nu=24.4%
  [  4h]   strong_up      | up=69.7%  dn=24.0%  nu= 6.3%
  [ 12h]   strong_up      | up=84.6%  dn= 0.0%  nu=15.4%

📊 Phân tích từng khung thời gian...

  [ 15m]   strong_down    | up= 6.5%  dn=78.7%  nu=14.8%
  [  1h]   strong_up      | up=64.6%  dn=10.4%  nu=25.0%
  [  4h] moderate_down    | up=47.6%  dn=52.4%  nu= 0.0%
  [ 12h] moderate_down    | up=29.4%  dn=55.0%  nu=15.7%

📊 Phân tích từng khung thời gian...

  [ 15m]   strong_up      | up=60.6%  dn=26.3%  nu=13.1%
  [  1h]   strong_up      | up=83.3%  dn=10.1%  nu= 6.6%
  [  4h]   strong_up      | up=62.9%  dn=30.1%  nu= 7.0%
  [ 12h]   strong_up      | up=84.4%  dn= 0.0%  nu=15.6%

📊 Phân tích từng khung thời gian...

  [ 15m]   strong_up      | up=74.5%  dn= 0.0%  nu=25.5%
  [  1h]   strong_up      | up=74.0%  dn=12.3%  nu=13.7%
  [  4h] moderate_up      | up=47.4%  dn=45.9%  nu= 6.8%
  [ 12h] moderate_up      | up=48.3%  dn=34.5%  nu=17.2%

📊 Phân tích từng khung thời gian...

  [ 15m]   strong_up      | up=88.1%  dn= 5.4%  nu= 6.5%
  [  1h]   strong_up      | up=90.7%  dn= 9.3%  nu= 0.0%
  [  4h]   strong_up      | up=61.6%  dn=23.8%  nu=14.5%
  [ 12h] moderate_up      | up=46.9%  dn=38.4%  nu=14.7%

📊 Phân tích từng khung thời gian...

  [ 15m]   strong_up      | up=76.5%  dn= 0.0%  nu=23.5%
  [  1h]   strong_up      | up=88.3%  dn= 6.1%  nu= 5.6%
  [  4h]   strong_up      | up=84.1%  dn= 9.8%  nu= 6.1%
  [ 12h] moderate_up      | up=46.9%  dn=10.9%  nu=42.2%

📊 Phân tích từng khung thời gian...

  [ 15m]   strong_up      | up=86.3%  dn= 6.5%  nu= 7.2%
  [  1h]   strong_up      | up=90.5%  dn= 9.5%  nu= 0.0%
  [  4h]     weak_up      | up=37.7%  dn=37.4%  nu=24.9%
  [ 12h] moderate_down    | up=32.9%  dn=50.9%  nu=16.2%

📊 Phân tích từng khung thời gian...

  [ 15m]   strong_up      | up=60.7%  dn=14.3%  nu=25.0%
  [  1h]   strong_up      | up=86.3%  dn= 8.2%  nu= 5.5%
  [  4h]   strong_up      | up=60.6%  dn=32.8%  nu= 6.6%
  [ 12h] moderate_down    | up=23.2%  dn=49.0%  nu=27.8%

📊 Phân tích từng khung thời gian...

  [ 15m] moderate_up      | up=57.7%  dn=16.9%  nu=25.4%
  [  1h]   strong_up      | up=63.5%  dn=29.2%  nu= 7.3%
  [  4h]   strong_down    | up=12.2%  dn=74.1%  nu=13.7%
  [ 12h]   strong_down    | up= 0.0%  dn=86.0%  nu=14.0%

📊 Phân tích từng khung thời gian...

  [ 15m]   strong_up      | up=75.7%  dn= 0.0%  nu=24.3%
  [  1h]   strong_up      | up=84.1%  dn=10.6%  nu= 5.3%
  [  4h]   strong_up      | up=66.7%  dn=20.9%  nu=12.5%
  [ 12h] moderate_up      | up=48.2%  dn=38.4%  nu=13.4%
      ✗ 15m: Không kéo được dữ liệu cho MATICUSDT 15m
      ✗ 1h: Không kéo được dữ liệu cho MATICUSDT 1h
      ✗ 4h: Không kéo được dữ liệu cho MATICUSDT 4h
      ✗ 12h: Không kéo được dữ liệu cho MATICUSDT 12h

📊 Phân tích từng khung thời gian...


📊 Phân tích từng khung thời gian...

  [ 15m]   strong_down    | up= 7.2%  dn=78.2%  nu=14.6%
  [  1h] moderate_up      | up=47.6%  dn=38.5%  nu=13.9%
  [  4h]   strong_down    | up= 6.9%  dn=87.6%  nu= 5.5%
  [ 12h]   strong_down    | up=20.0%  dn=73.3%  nu= 6.7%

📊 Phân tích từng khung thời gian...

  [ 15m]   strong_up      | up=98.7%  dn= 0.0%  nu= 1.3%
  [  1h]   strong_up      | up=96.3%  dn= 3.7%  nu= 0.0%
  [  4h]   strong_up      | up=90.6%  dn= 9.4%  nu= 0.0%
  [ 12h]   strong_up      | up=80.8%  dn=11.0%  nu= 8.2%

📊 Phân tích từng khung thời gian...

  [ 15m]   strong_up      | up=75.0%  dn= 0.0%  nu=25.0%
  [  1h]   strong_up      | up=95.8%  dn= 4.2%  nu= 0.0%
  [  4h]   strong_up      | up=86.1%  dn= 7.6%  nu= 6.3%
  [ 12h] moderate_up      | up=55.8%  dn=30.9%  nu=13.2%

📊 Phân tích từng khung thời gian...

  [ 15m] moderate_up      | up=55.0%  dn=21.7%  nu=23.3%
  [  1h]   strong_up      | up=85.6%  dn= 9.0%  nu= 5.4%
  [  4h]   strong_up      | up=77.0%  dn=14.4%  nu= 8.6%
  [ 12h] moderate_up      | up=45.6%  dn=23.6%  nu=30.7%

📊 Phân tích từng khung thời gian...

  [ 15m] moderate_up      | up=45.7%  dn=26.1%  nu=28.1%
  [  1h]   strong_up      | up=90.8%  dn= 9.2%  nu= 0.0%
  [  4h]   strong_up      | up=68.2%  dn= 7.3%  nu=24.5%
  [ 12h]   strong_up      | up=71.0%  dn=13.7%  nu=15.4%

📊 Phân tích từng khung thời gian...

  [ 15m]   strong_up      | up=89.4%  dn= 3.6%  nu= 7.1%
  [  1h]   strong_up      | up=83.5%  dn=12.0%  nu= 4.5%
  [  4h]   strong_up      | up=60.6%  dn=32.9%  nu= 6.6%
  [ 12h] moderate_down    | up=35.9%  dn=51.4%  nu=12.7%

📊 Phân tích từng khung thời gian...

  [ 15m]   strong_up      | up=93.2%  dn= 0.0%  nu= 6.8%
  [  1h]   strong_up      | up=75.2%  dn=12.6%  nu=12.2%
  [  4h]     weak_up      | up=44.8%  dn=43.1%  nu=12.1%
  [ 12h]   strong_down    | up= 0.0%  dn=68.6%  nu=31.4%

📊 Phân tích từng khung thời gian...

  [ 15m]   strong_down    | up= 7.0%  dn=88.5%  nu= 4.5%
  [  1h] moderate_up      | up=58.2%  dn=23.6%  nu=18.2%
  [  4h]   strong_up      | up=84.9%  dn= 9.0%  nu= 6.1%
  [ 12h]   strong_up      | up=91.1%  dn= 4.5%  nu= 4.4%

📊 Phân tích từng khung thời gian...

  [ 15m] moderate_up      | up=53.7%  dn= 0.0%  nu=46.3%
  [  1h] moderate_up      | up=49.3%  dn=35.0%  nu=15.7%
  [  4h]   strong_down    | up=20.3%  dn=79.7%  nu= 0.0%
  [ 12h] moderate_up      | up=48.3%  dn=46.9%  nu= 4.8%

📊 Phân tích từng khung thời gian...

  [ 15m] moderate_down    | up=16.6%  dn=58.5%  nu=24.9%
  [  1h]     weak_down    | up=31.9%  dn=43.7%  nu=24.4%
  [  4h]   strong_up      | up=69.7%  dn=24.0%  nu= 6.3%
  [ 12h]   strong_up      | up=84.6%  dn= 0.0%  nu=15.4%

📊 Phân tích từng khung thời gian...

  [ 15m]   strong_down    | up= 7.4%  dn=75.8%  nu=16.8%
  [  1h]   strong_up      | up=64.6%  dn=10.4%  nu=25.0%
  [  4h] moderate_down    | up=47.6%  dn=52.4%  nu= 0.0%
